         #Lp        Ebind     Ebinderr     Rsquared
    0.360000    16.544835     0.245768     0.886645
    0.393469    16.045240     0.237450     0.894828
    0.426939    15.573705     0.221892     0.909400
    0.460408    15.127183     0.204941     0.923713
    0.493878    14.708764     0.189907     0.935061
    0.527347    14.318853     0.177827     0.942981
    0.560816    13.954092     0.168603     0.947717
    0.594286    13.611727     0.161566     0.949947
    0.627755    13.294927     0.155329     0.951266
    0.661224    13.012387     0.147594     0.954276
    0.694694    12.771442     0.135124     0.961560
    0.728163    12.568599     0.113869     0.973686
    0.761633    12.376175     0.083981     0.986259
    0.795102    12.152161     0.068803     0.990657
    0.828571    11.933508     0.065607     0.991549
    0.862041    11.764724     0.063539     0.992531
    0.895510    11.606213     0.059347     0.993716
    0.928980    11.395132     0.059229     0.993383
    0.962449    11.198451     0.056524     0.993740
    0.995918    11.058553     0.051720     0.994815
    1.029388    10.920594     0.050099     0.995161
    1.062857    10.775463     0.052150     0.994751
    1.096327    10.628972     0.056564     0.993833
    1.129796    10.484280     0.062083     0.992625
    1.163265    10.342737     0.067885     0.991295
    1.196735    10.204839     0.073508     0.989960
    1.230204    10.071011     0.078694     0.988691
    1.263673     9.942066     0.083310     0.987518
    1.297143     9.818713     0.087321     0.986453
    1.330612     9.700990     0.090750     0.985500
    1.364082     9.588711     0.093636     0.984658
    1.397551     9.481551     0.096020     0.983920
    1.431020     9.379098     0.097949     0.983277
    0.631960    13.257350     0.154497     0.951492
    0.640201    13.185349     0.152779     0.952033
    0.648442    13.115650     0.150909     0.952743
    0.656683    13.048379     0.148839     0.953664
    0.664925    12.983637     0.146517     0.954834
    0.673166    12.921491     0.143888     0.956287
    0.681407    12.861969     0.140892     0.958046
    0.689648    12.805045     0.137464     0.960126
    0.697889    12.750633     0.133538     0.962531
    0.706131    12.698569     0.129048     0.965244
    0.714372    12.648598     0.123933     0.968234
    0.722613    12.600356     0.118149     0.971442
    0.730854    12.553350     0.111686     0.974788
    0.739095    12.506946     0.104595     0.978158
    0.747337    12.460360     0.097031     0.981416
    0.755578    12.412645     0.089322     0.984393
    0.763819    12.362633     0.082194     0.986848
    0.772060    12.309768     0.076404     0.988635
    0.780302    12.254425     0.072330     0.989775
    0.788543    12.197609     0.069883     0.990401
    0.796784    12.140556     0.068609     0.990701
    0.805025    12.084338     0.067897     0.990871
    0.813266    12.029669     0.067236     0.991054
    0.821508    11.976932     0.066407     0.991302
    0.829749    11.926453     0.065477     0.991591
    0.837990    11.878818     0.064697     0.991856
    0.846231    11.835079     0.064259     0.992062
    0.854472    11.796521     0.063981     0.992271
    0.862714    11.761973     0.063484     0.992557
    0.870955    11.728022     0.062587     0.992915
    0.879196    11.691627     0.061369     0.993283
    0.887437    11.650866     0.060153     0.993575
    0.895678    11.605240     0.059336     0.993717
    0.903920    11.555985     0.059008     0.993719
    0.912161    11.504397     0.059021     0.993630
    0.920402    11.451253     0.059168     0.993501
    0.928643    11.397335     0.059231     0.993387
    0.936884    11.343787     0.059050     0.993331
    0.945126    11.292272     0.058552     0.993361
    0.953367    11.244855     0.057730     0.993493
    0.961608    11.202514     0.056644     0.993714
    0.969849    11.164432     0.055414     0.993986
    0.978090    11.129444     0.054144     0.994273
    0.986332    11.096308     0.052932     0.994547
    0.994573    11.063858     0.051873     0.994782
    1.002814    11.031094     0.051042     0.994962
    1.011055    10.997538     0.050471     0.995082
    1.019296    10.963288     0.050155     0.995148
    1.027538    10.928475     0.050083     0.995164
    1.035779    10.893215     0.050242     0.995133
    1.044020    10.857616     0.050613     0.995059
    1.052261    10.821773     0.051177     0.994947
    1.060503    10.785769     0.051912     0.994799
    1.068744    10.749677     0.052795     0.994620
    1.076985    10.713558     0.053806     0.994412
    1.085226    10.677466     0.054924     0.994180
    1.093467    10.641445     0.056129     0.993926
    1.101709    10.605531     0.057404     0.993653
    1.109950    10.569753     0.058733     0.993365
    1.118191    10.534134     0.060104     0.993065
    1.126432    10.498692     0.061505     0.992754
    1.134673    10.463440     0.062925     0.992435
    1.142915    10.428389     0.064355     0.992110
    1.151156    10.393546     0.065788     0.991782
    1.159397    10.358917     0.067217     0.991451
    1.167638    10.324507     0.068637     0.991119
    1.175879    10.290320     0.070043     0.990788
    1.184121    10.256362     0.071430     0.990458
    1.192362    10.222637     0.072794     0.990132
    1.200603    10.189152     0.074134     0.989809
    1.208844    10.155917     0.075444     0.989491
    1.217085    10.122940     0.076725     0.989178
    1.225327    10.090235     0.077972     0.988870
    1.233568    10.057814     0.079185     0.988569
    1.241809    10.025695     0.080363     0.988273
    1.250050     9.993895     0.081504     0.987983
    1.258291     9.962430     0.082609     0.987700
    1.266533     9.931307     0.083676     0.987423
    1.274774     9.900527     0.084707     0.987153
    1.283015     9.870091     0.085701     0.986889
    1.291256     9.839998     0.086659     0.986632
    1.299497     9.810248     0.087581     0.986382
    1.307739     9.780841     0.088468     0.986139
    1.315980     9.751773     0.089320     0.985902
    1.324221     9.723042     0.090139     0.985673
    1.332462     9.694644     0.090924     0.985450
    1.340704     9.666577     0.091676     0.985234
    1.348945     9.638834     0.092395     0.985025
    1.357186     9.611413     0.093084     0.984822
    1.365427     9.584307     0.093741     0.984626
    1.373668     9.557511     0.094368     0.984436
    1.381910     9.531018     0.094965     0.984252
    1.390151     9.504824     0.095534     0.984075
    1.398392     9.478922     0.096074     0.983903
    1.406633     9.453304     0.096586     0.983737
    1.414874     9.427964     0.097072     0.983576
    1.423116     9.402895     0.097532     0.983421
    1.431357     9.378091     0.097966     0.983270
    1.439598     9.353543     0.098376     0.983125
    1.447839     9.329246     0.098762     0.982985
    1.456080     9.305191     0.099125     0.982849
    1.464322     9.281372     0.099466     0.982717
    1.472563     9.257781     0.099786     0.982589
    1.480804     9.234412     0.100086     0.982465
    1.489045     9.211259     0.100367     0.982344
    1.497286     9.188313     0.100630     0.982226
    1.505528     9.165569     0.100876     0.982112
    1.513769     9.143021     0.101107     0.981999
    1.522010     9.120663     0.101323     0.981889
    1.530251     9.098488     0.101527     0.981781
    1.538492     9.076492     0.101718     0.981674
    1.546734     9.054668     0.101900     0.981569
    1.554975     9.033013     0.102072     0.981464
    1.563216     9.011521     0.102237     0.981360
    1.571457     8.990189     0.102397     0.981256
    1.579698     8.969012     0.102552     0.981152
    1.587940     8.947987     0.102704     0.981047
    1.596181     8.927111     0.102856     0.980941
    1.604422     8.906381     0.103009     0.980834
    1.612663     8.885795     0.103165     0.980725
    1.620905     8.865350     0.103325     0.980613
    1.629146     8.845044     0.103491     0.980500
    1.637387     8.824878     0.103666     0.980383
    1.645628     8.804849     0.103851     0.980262
    1.653869     8.784956     0.104048     0.980138
    1.662111     8.765201     0.104260     0.980010
    1.670352     8.745582     0.104487     0.979877
    1.678593     8.726100     0.104733     0.979739
    1.686834     8.706755     0.104999     0.979596
    1.695075     8.687549     0.105288     0.979447
    1.703317     8.668482     0.105602     0.979291
    1.711558     8.649556     0.105943     0.979129
    1.719799     8.630772     0.106313     0.978960
    1.728040     8.612132     0.106714     0.978782
    1.736281     8.593637     0.107150     0.978597
    1.744523     8.575290     0.107622     0.978403
    1.752764     8.557093     0.108133     0.978200
    1.761005     8.539046     0.108686     0.977987
    1.769246     8.521154     0.109283     0.977764
    1.777487     8.503417     0.109928     0.977530
    1.785729     8.485837     0.110624     0.977284
    1.793970     8.468416     0.111372     0.977026
    1.802211     8.451157     0.112178     0.976755
    1.810452     8.434059     0.113043     0.976471
    1.818693     8.417125     0.113972     0.976172
    1.826935     8.400356     0.114969     0.975858
    1.835176     8.383752     0.116037     0.975528
    1.843417     8.367313     0.117180     0.975180
    1.851658     8.351039     0.118402     0.974814
    1.859899     8.334929     0.119709     0.974429
    1.868141     8.318983     0.121104     0.974024
    1.876382     8.303197     0.122593     0.973597
    1.884623     8.287570     0.124181     0.973148
    1.892864     8.272097     0.125871     0.972674
    1.901106     8.256774     0.127671     0.972174
    1.909347     8.241596     0.129586     0.971648
    1.917588     8.226555     0.131620     0.971094
    1.925829     8.211643     0.133779     0.970510
    1.934070     8.196851     0.136070     0.969895
    1.942312     8.182167     0.138497     0.969246
    1.950553     8.167579     0.141067     0.968564
    1.958794     8.153071     0.143783     0.967846
    1.967035     8.138627     0.146652     0.967091
    1.975276     8.124227     0.149678     0.966298
    1.983518     8.109848     0.152865     0.965465
    1.991759     8.095467     0.156216     0.964592
    2.000000     8.081056     0.159735     0.963677
