-14.5 4.180714e+06 -2.923537e+01 1.000000e+00 4.749437e+00 0.000000e+00 7.708242e-05 1.016223e-02 2.300070e-01 7.597537e-01 0.000000e+00 0.000000e+00 0.000000e+00
-8.0 2.529801e+05 -6.794501e+00 1.000000e+00 1.869194e+00 2.879754e-01 5.596726e-01 1.475351e-01 4.816647e-03 2.204972e-07 0.000000e+00 0.000000e+00 0.000000e+00
-9.0 3.142947e+05 -8.298789e+00 1.000000e+00 2.339771e+00 9.798095e-02 5.029865e-01 3.607572e-01 3.783101e-02 4.443671e-04 0.000000e+00 0.000000e+00 0.000000e+00
-5.5 1.909705e+05 -4.963810e+00 1.000000e+00 1.143114e+00 8.596923e-01 1.375042e-01 2.800873e-03 2.679723e-06 0.000000e+00 0.000000e+00 0.000000e+00 0.000000e+00
-2.5 1.821415e+05 -2.447123e+00 1.000000e+00 1.007844e+00 9.921631e-01 7.829392e-03 7.484912e-06 0.000000e+00 0.000000e+00 0.000000e+00 0.000000e+00 0.000000e+00
-12.5 1.076493e+06 -1.933568e+01 1.000000e+00 4.059549e+00 4.364458e-05 7.027252e-03 1.760579e-01 5.670791e-01 2.497922e-01 0.000000e+00 0.000000e+00 0.000000e+00
-18.5 1.900923e+08 -4.980368e+01 1.000000e+00 4.994924e+00 0.000000e+00 0.000000e+00 5.853657e-06 5.064662e-03 9.949295e-01 0.000000e+00 0.000000e+00 0.000000e+00
-14.0 2.809198e+06 -2.659075e+01 1.000000e+00 4.617595e+00 0.000000e+00 1.997679e-04 2.147571e-02 3.388547e-01 6.394698e-01 0.000000e+00 0.000000e+00 0.000000e+00
-10.0 4.111189e+05 -1.053831e+01 1.000000e+00 2.839505e+00 1.977267e-02 2.797336e-01 5.476908e-01 1.468213e-01 5.981547e-03 0.000000e+00 0.000000e+00 0.000000e+00
-7.0 2.159618e+05 -5.898643e+00 1.000000e+00 1.479587e+00 5.605244e-01 3.998887e-01 3.906191e-02 5.249347e-04 6.582860e-09 0.000000e+00 0.000000e+00 0.000000e+00
-10.5 4.798510e+05 -1.190454e+01 1.000000e+00 3.086182e+00 8.316850e-03 1.759906e-01 5.530918e-01 2.463947e-01 1.620601e-02 0.000000e+00 0.000000e+00 0.000000e+00
-15.5 1.002385e+07 -3.445491e+01 1.000000e+00 4.899134e+00 0.000000e+00 7.545806e-06 1.548584e-03 9.774655e-02 9.006973e-01 0.000000e+00 0.000000e+00 0.000000e+00
-16.5 2.627937e+07 -3.966586e+01 1.000000e+00 4.961258e+00 0.000000e+00 2.543067e-07 2.256555e-04 3.829013e-02 9.614840e-01 0.000000e+00 0.000000e+00 0.000000e+00
-4.0 1.840298e+05 -3.817175e+00 1.000000e+00 1.034883e+00 9.652780e-01 3.456050e-02 1.614204e-04 5.244193e-08 0.000000e+00 0.000000e+00 0.000000e+00 0.000000e+00
-17.0 4.251445e+07 -4.220705e+01 1.000000e+00 4.974696e+00 0.000000e+00 0.000000e+00 6.843231e-05 2.516687e-02 9.747647e-01 0.000000e+00 0.000000e+00 0.000000e+00
-4.5 1.854804e+05 -4.235281e+00 1.000000e+00 1.055830e+00 9.445663e-01 5.503836e-02 3.941412e-04 1.241584e-06 0.000000e+00 0.000000e+00 0.000000e+00 0.000000e+00
-3.0 1.825478e+05 -2.919298e+00 1.000000e+00 1.012940e+00 9.870870e-01 1.288578e-02 2.727209e-05 6.070682e-11 0.000000e+00 0.000000e+00 0.000000e+00 0.000000e+00
-7.5 2.319707e+05 -6.291792e+00 1.000000e+00 1.657699e+00 4.231574e-01 4.976865e-01 7.745555e-02 1.700510e-03 4.555764e-08 0.000000e+00 0.000000e+00 0.000000e+00
-17.5 6.871993e+07 -4.473289e+01 1.000000e+00 4.982959e+00 0.000000e+00 0.000000e+00 3.548300e-05 1.697031e-02 9.829942e-01 0.000000e+00 0.000000e+00 0.000000e+00
-13.5 1.944767e+06 -2.406887e+01 1.000000e+00 4.484790e+00 3.270293e-06 7.241541e-04 4.565862e-02 4.217072e-01 5.319068e-01 0.000000e+00 0.000000e+00 0.000000e+00
-15.0 6.487095e+06 -3.184713e+01 1.000000e+00 4.831984e+00 0.000000e+00 8.872421e-06 3.648043e-03 1.606932e-01 8.356499e-01 0.000000e+00 0.000000e+00 0.000000e+00
-11.0 5.681087e+05 -1.349648e+01 1.000000e+00 3.340284e+00 2.738841e-03 9.511721e-02 4.956661e-01 3.720767e-01 3.440114e-02 0.000000e+00 0.000000e+00 0.000000e+00
0.0 1.787852e+05 5.994971e-03 1.000000e+00 1.000649e+00 9.993511e-01 6.487875e-04 1.153781e-07 0.000000e+00 0.000000e+00 0.000000e+00 0.000000e+00 0.000000e+00
-1.0 1.807500e+05 -9.855080e-01 1.000000e+00 1.001758e+00 9.982425e-01 1.756980e-03 5.586664e-07 0.000000e+00 0.000000e+00 0.000000e+00 0.000000e+00 0.000000e+00
-9.5 3.571069e+05 -9.319795e+00 1.000000e+00 2.584299e+00 4.892353e-02 4.025545e-01 4.655656e-01 8.121229e-02 1.744113e-03 0.000000e+00 0.000000e+00 0.000000e+00
-2.0 1.817948e+05 -1.965243e+00 1.000000e+00 1.004798e+00 9.952049e-01 4.792205e-03 2.885899e-06 0.000000e+00 0.000000e+00 0.000000e+00 0.000000e+00 0.000000e+00
-5.0 1.875984e+05 -4.618498e+00 1.000000e+00 1.089800e+00 9.113850e-01 8.743473e-02 1.176115e-03 4.201614e-06 0.000000e+00 0.000000e+00 0.000000e+00 0.000000e+00
-19.5 5.037979e+08 -5.480611e+01 1.000000e+00 4.997826e+00 0.000000e+00 0.000000e+00 4.190951e-07 2.173603e-03 9.978260e-01 0.000000e+00 0.000000e+00 0.000000e+00
-16.0 1.622332e+07 -3.707326e+01 1.000000e+00 4.931571e+00 0.000000e+00 0.000000e+00 5.676820e-04 6.729386e-02 9.321385e-01 0.000000e+00 0.000000e+00 0.000000e+00
-0.5 1.800509e+05 -4.906547e-01 1.000000e+00 1.001070e+00 9.989305e-01 1.069356e-03 1.807590e-07 0.000000e+00 0.000000e+00 0.000000e+00 0.000000e+00 0.000000e+00
-20.0 8.334282e+08 -5.732467e+01 1.000000e+00 4.998876e+00 0.000000e+00 0.000000e+00 1.848490e-07 1.123296e-03 9.988765e-01 0.000000e+00 0.000000e+00 0.000000e+00
-8.5 2.802193e+05 -7.453583e+00 1.000000e+00 2.096168e+00 1.786224e-01 5.618597e-01 2.444023e-01 1.495851e-02 1.571373e-04 0.000000e+00 0.000000e+00 0.000000e+00
-19.0 3.166597e+08 -5.231827e+01 1.000000e+00 4.996949e+00 0.000000e+00 0.000000e+00 8.960864e-07 3.049571e-03 9.969495e-01 0.000000e+00 0.000000e+00 0.000000e+00
-6.0 1.963025e+05 -5.285270e+00 1.000000e+00 1.219456e+00 7.876672e-01 2.052399e-01 7.062166e-03 3.075534e-05 0.000000e+00 0.000000e+00 0.000000e+00 0.000000e+00
-12.0 8.480093e+05 -1.721022e+01 1.000000e+00 3.828798e+00 1.378649e-04 1.873016e-02 2.754120e-01 5.636359e-01 1.420840e-01 0.000000e+00 0.000000e+00 0.000000e+00
-3.5 1.832554e+05 -3.380193e+00 1.000000e+00 1.020846e+00 9.792253e-01 2.070321e-02 7.150445e-05 1.803609e-09 0.000000e+00 0.000000e+00 0.000000e+00 0.000000e+00
-1.5 1.814506e+05 -1.477700e+00 1.000000e+00 1.002882e+00 9.971199e-01 2.878508e-03 1.574003e-06 0.000000e+00 0.000000e+00 0.000000e+00 0.000000e+00 0.000000e+00
-13.0 1.424402e+06 -2.164959e+01 1.000000e+00 4.284237e+00 8.464361e-06 2.142732e-03 8.940287e-02 5.304949e-01 3.779510e-01 0.000000e+00 0.000000e+00 0.000000e+00
-6.5 2.042953e+05 -5.586099e+00 1.000000e+00 1.328876e+00 6.884635e-01 2.944342e-01 1.686496e-02 2.372752e-04 3.857831e-10 0.000000e+00 0.000000e+00 0.000000e+00
-18.0 1.025866e+08 -4.723089e+01 1.000000e+00 4.987978e+00 0.000000e+00 0.000000e+00 1.772232e-05 1.198648e-02 9.879958e-01 0.000000e+00 0.000000e+00 0.000000e+00
-11.5 6.846698e+05 -1.526214e+01 1.000000e+00 3.575837e+00 7.775810e-04 4.687285e-02 3.991279e-01 4.821786e-01 7.104304e-02 0.000000e+00 0.000000e+00 0.000000e+00
